File name: "numFinder.py"
Description: This file either takes a file with a set of 100 single digit numbers, or randomly produces the set itself
to find an algorithmic equation that is as close as possible to the target value. It will randomly generate starting
state and a series of operations to perform before using the random hill-climbing algorithm to go through and choose
the best option from swapping numbers, or changing operations to find the closest total.

For this program to run nums.txt and nums2.txt must be in the same directory as numFinder.py

Operations are represented using values from 0-3
    0 - '+'
    1 - '-'
    2 - '*'
    3 - '/'

Answers for the program using nums.txt with target value 6937
Timeout (10):
Total: 6937.199999999999
Operations:
[1, 3, 0, 2, 2, 3, 2, 2, 3, 0, 1, 1, 0, 2, 2, 2, 1, 2, 1, 0, 3, 1, 3, 2, 0, 3, 2, 2, 0, 0, 0, 0, 0, 3, 2, 1, 3, 3, 3, 2,
 2, 1, 0, 1, 0, 3, 0, 1, 1, 3, 3, 0, 2, 0, 0, 2, 3, 0, 1, 1, 3, 0, 1, 3, 0, 2, 1, 0, 2, 1, 2, 0, 2, 1, 3, 3, 1, 1, 1, 2,
 2, 1, 0, 1, 0, 2, 3, 3, 0, 2, 0, 3, 2, 2, 1, 0, 0, 0, 2]
Input Values:
[1.0, 3.0, 9.0, 7.0, 6.0, 5.0, 3.0, 6.0, 8.0, 1.0, 3.0, 1.0, 9.0, 4.0, 2.0, 7.0, 9.0, 4.0, 4.0, 3.0, 9.0, 6.0, 8.0, 9.0,
 2.0, 0.0, 8.0, 8.0, 6.0, 7.0, 5.0, 0.0, 6.0, 1.0, 7.0, 1.0, 8.0, 9.0, 7.0, 0.0, 8.0, 6.0, 6.0, 3.0, 4.0, 4.0, 2.0, 2.0,
 1.0, 8.0, 7.0, 0.0, 5.0, 8.0, 4.0, 5.0, 6.0, 0.0, 8.0, 9.0, 9.0, 7.0, 0.0, 8.0, 6.0, 6.0, 0.0, 2.0, 3.0, 8.0, 3.0, 8.0,
 9.0, 9.0, 8.0, 5.0, 4.0, 3.0, 0.0, 3.0, 7.0, 5.0, 9.0, 0.0, 3.0, 2.0, 8.0, 0.0, 6.0, 4.0, 3.0, 3.0, 5.0, 4.0, 4.0, 5.0,
 6.0, 4.0, 1.0, 3.0]

Timeout (50):
Total: 6937.026666666667
Operations:
[2, 2, 0, 2, 2, 1, 1, 1, 1, 3, 2, 0, 0, 0, 1, 0, 2, 2, 1, 1, 2, 0, 3, 3, 1, 3, 1, 3, 3, 1, 2, 3, 2, 1, 0, 3, 1, 3, 3, 1,
 1, 1, 0, 0, 1, 0, 0, 2, 0, 3, 0, 0, 1, 0, 0, 0, 0, 3, 3, 2, 3, 1, 1, 0, 2, 2, 1, 1, 2, 3, 1, 1, 3, 1, 3, 3, 2, 2, 2, 3,
 3, 3, 3, 1, 3, 2, 0, 1, 2, 2, 3, 2, 0, 2, 2, 1, 0, 1, 0]
Input Values:
[6.0, 4.0, 6.0, 0.0, 3.0, 1.0, 9.0, 2.0, 8.0, 4.0, 3.0, 1.0, 9.0, 9.0, 6.0, 5.0, 3.0, 4.0, 0.0, 3.0, 2.0, 3.0, 4.0, 5.0,
 8.0, 2.0, 9.0, 8.0, 1.0, 2.0, 1.0, 3.0, 6.0, 9.0, 3.0, 0.0, 7.0, 4.0, 5.0, 9.0, 6.0, 1.0, 7.0, 7.0, 7.0, 0.0, 8.0, 1.0,
 0.0, 5.0, 8.0, 6.0, 9.0, 4.0, 4.0, 4.0, 9.0, 5.0, 8.0, 3.0, 3.0, 7.0, 6.0, 6.0, 8.0, 1.0, 5.0, 6.0, 3.0, 0.0, 6.0, 2.0,
 0.0, 8.0, 9.0, 5.0, 4.0, 7.0, 6.0, 4.0, 8.0, 8.0, 9.0, 4.0, 0.0, 9.0, 3.0, 6.0, 3.0, 7.0, 3.0, 5.0, 8.0, 8.0, 8.0, 8.0,
 2.0, 0.0, 0.0, 7.0]

Timeout (100):
Total: 6903.0
Operations:
[3, 0, 0, 2, 3, 3, 0, 0, 3, 0, 1, 1, 2, 2, 0, 1, 1, 0, 1, 2, 1, 0, 2, 3, 2, 3, 0, 0, 3, 3, 0, 0, 3, 3, 1, 1, 0, 3, 0, 3,
 1, 1, 0, 3, 2, 1, 3, 2, 3, 0, 0, 3, 1, 1, 2, 0, 0, 2, 2, 0, 3, 3, 3, 1, 3, 2, 0, 1, 2, 3, 1, 0, 3, 1, 2, 1, 0, 0, 1, 1,
 2, 1, 0, 1, 2, 0, 3, 1, 1, 3, 0, 2, 0, 2, 0, 2, 0, 0, 3]
Input Values:
[5.0, 0.0, 4.0, 6.0, 4.0, 6.0, 2.0, 8.0, 3.0, 8.0, 7.0, 1.0, 1.0, 6.0, 4.0, 0.0, 4.0, 5.0, 1.0, 1.0, 5.0, 2.0, 3.0, 8.0,
 3.0, 4.0, 8.0, 0.0, 5.0, 8.0, 7.0, 2.0, 5.0, 2.0, 0.0, 3.0, 8.0, 8.0, 8.0, 3.0, 0.0, 6.0, 8.0, 4.0, 7.0, 8.0, 7.0, 3.0,
 8.0, 7.0, 2.0, 1.0, 7.0, 3.0, 4.0, 8.0, 6.0, 7.0, 0.0, 3.0, 6.0, 5.0, 9.0, 6.0, 4.0, 2.0, 9.0, 6.0, 4.0, 4.0, 6.0, 3.0,
 5.0, 3.0, 6.0, 6.0, 5.0, 0.0, 3.0, 7.0, 1.0, 8.0, 0.0, 3.0, 0.0, 9.0, 4.0, 6.0, 9.0, 1.0, 0.0, 9.0, 9.0, 3.0, 9.0, 9.0,
 9.0, 9.0, 9.0, 8.0]

